
幸福不是绝对的幸福，痛苦不是绝对的痛苦。幸福和痛苦可以相互转化。人们把这两个词分的太清楚，给的情绪心理反应太大。事实并不是这样的数据增强类型:A-origin
最大序列长度:90
轮数:10.000000

test acc:[0.7277777777777777, 0.7592592592592593, 0.7814814814814814, 0.8, 0.8, 0.8, 0.8018518518518518, 0.7962962962962963, 0.7981481481481482, 0.7981481481481482]
test wf1:[0.7183132819812625, 0.7503002736920865, 0.7762888492357092, 0.7973765432098764, 0.7981534090909091, 0.7981534090909091, 0.8001115452266805, 0.793831775305859, 0.7958064292573784, 0.7958064292573784]
test mf1:[0.7078599582657084, 0.740829346092504, 0.7688993341167254, 0.7916666666666665, 0.7928977272727273, 0.7928977272727273, 0.7949602376161732, 0.7881325705154728, 0.7902165196471533, 0.7902165196471533]
valid acc:[0.8133874239350912, 0.821501014198783, 0.8316430020283976, 0.8438133874239351, 0.8640973630831643, 0.8661257606490872, 0.8620689655172413, 0.8600405679513184, 0.8600405679513184, 0.8600405679513184]
valid wf1:[0.80678427786661, 0.814463284632964, 0.828736490968002, 0.8425838351292086, 0.863342062334858, 0.8649910345125975, 0.8608998537402519, 0.8587683488902488, 0.8587683488902488, 0.8587683488902488]
valid mf1:[0.7929176711227993, 0.8007788104772051, 0.818212916438983, 0.8339769690661232, 0.8561323733737527, 0.857544394241883, 0.8532275577037581, 0.8509105252777596, 0.8509105252777596, 0.8509105252777596]
train loss:[0.03778039679995605, 0.026878219202626497, 0.014896441873445708, 0.005776856589519801, 0.0020306605979125637, 0.0006482722563305287, 0.00037077616638530995, 0.00021033482517265968, 0.00014842958433811354, 0.0001224222884372596]
test loss:[0.5651759939158664, 0.5108519397566423, 0.5419329032986698, 0.7628400801400216, 0.829825768190751, 1.1048319225279983, 1.0839180534569417, 1.1772828854497193, 1.20096190573788, 1.214300814747249]
