
幸福不是绝对的幸福，痛苦不是绝对的痛苦。幸福和痛苦可以相互转化。人们把这两个词分的太清楚，给的情绪心理反应太大。事实并不是这样的数据增强类型:A-origin
最大序列长度:180
轮数:10.000000

test acc:[0.7092592592592593, 0.7129629629629629, 0.7851851851851852, 0.8074074074074075, 0.8092592592592592, 0.8148148148148148, 0.8111111111111111, 0.8148148148148148, 0.8148148148148148, 0.8148148148148148]
test wf1:[0.7009301209895563, 0.7020416054972094, 0.7814224659542192, 0.8044700970679985, 0.806657805922425, 0.813429781983241, 0.8082302875089986, 0.8115710913398442, 0.8119904779499987, 0.8119904779499987]
test mf1:[0.6904834051936577, 0.6906587822230436, 0.7747929130234699, 0.7987500716702023, 0.8011575902959756, 0.8087710351861295, 0.8026202625996216, 0.8058559595029913, 0.8064904535290407, 0.8064904535290407]
valid acc:[0.7139959432048681, 0.7991886409736308, 0.8316430020283976, 0.8559837728194726, 0.8397565922920892, 0.8438133874239351, 0.845841784989858, 0.845841784989858, 0.845841784989858, 0.845841784989858]
valid wf1:[0.7052426621500136, 0.7951061654529679, 0.8299008143855016, 0.8543063422396074, 0.8386837569950945, 0.8440188210393073, 0.8445351306508697, 0.8445351306508697, 0.8447197183624817, 0.8447197183624817]
valid mf1:[0.684818339688686, 0.7821164706144951, 0.8202729353063385, 0.8459191893402824, 0.8300185488270595, 0.8368286445012787, 0.8359602115512592, 0.8359602115512592, 0.8363042186571598, 0.8363042186571598]
train loss:[0.03985703304143889, 0.030719212825143977, 0.02154136979786147, 0.012255835978430695, 0.004895846377309811, 0.002042008462857276, 0.0008395604174113811, 0.00039284966540305635, 0.0002261646876279753, 0.00019461493219686028]
test loss:[0.5904395854210153, 0.539044471567168, 0.49880636450560656, 0.6082542051273563, 0.7717809774382177, 0.9553505096007617, 1.048096255709585, 1.114591285771894, 1.1344386150763859, 1.14975277620461]
