
幸福不是绝对的幸福，痛苦不是绝对的痛苦。幸福和痛苦可以相互转化。人们把这两个词分的太清楚，给的情绪心理反应太大。事实并不是这样的数据增强类型:A-origin
最大序列长度:190
轮数:10.000000

test acc:[0.6685185185185185, 0.75, 0.7925925925925926, 0.7981481481481482, 0.7796296296296297, 0.8, 0.7944444444444444, 0.7981481481481482, 0.7962962962962963, 0.7962962962962963]
test wf1:[0.6297368527954696, 0.7420912579582232, 0.7915390946502058, 0.7965523088709158, 0.7763889237007517, 0.7985041645419004, 0.7918536392477232, 0.7965523088709158, 0.793831775305859, 0.793831775305859]
test mf1:[0.6087890917479835, 0.7328016244488347, 0.7866666666666666, 0.7914178694572116, 0.7699075118429959, 0.7934727180010199, 0.7860439548671967, 0.7914178694572116, 0.7881325705154728, 0.7881325705154728]
valid acc:[0.6876267748478702, 0.7890466531440162, 0.8336713995943205, 0.847870182555781, 0.8580121703853956, 0.8559837728194726, 0.8580121703853956, 0.8600405679513184, 0.8498985801217038, 0.8498985801217038]
valid wf1:[0.6476514306998545, 0.7819931047042495, 0.8338188083522089, 0.8464873357502705, 0.856632909878346, 0.8553414832206094, 0.8569786879654439, 0.8595645340486865, 0.8489797521067529, 0.8489797521067529]
valid mf1:[0.6108320347740507, 0.7665634674922601, 0.82607984856307, 0.8379462231279995, 0.8485872235872235, 0.8478481045672084, 0.8492275698158052, 0.852424025509208, 0.840940006975933, 0.840940006975933]
train loss:[0.0409447883654918, 0.03226086739118078, 0.023117203514889946, 0.0132738904245863, 0.006365157912763867, 0.002453855966242762, 0.0008576722431988466, 0.0003990748959365322, 0.00019630826373031595, 0.00013205409417683508]
test loss:[0.6655107020016979, 0.5592239645912367, 0.4944862097446971, 0.5914580347016454, 0.6449514903155539, 0.9196254353232421, 1.1095747244775447, 1.210166095281773, 1.2731149840827343, 1.29345761386396]
