
幸福不是绝对的幸福，痛苦不是绝对的痛苦。幸福和痛苦可以相互转化。人们把这两个词分的太清楚，给的情绪心理反应太大。事实并不是这样的数据增强类型:A-origin
最大序列长度:170
轮数:10.000000

test acc:[0.6981481481481482, 0.7518518518518519, 0.7777777777777778, 0.7907407407407407, 0.7870370370370371, 0.8018518518518518, 0.7981481481481482, 0.8092592592592592, 0.8074074074074075, 0.8074074074074075]
test wf1:[0.6845440997895779, 0.7426172051903046, 0.77572601010101, 0.7897559617789174, 0.7826641140759837, 0.7982647922056582, 0.7961920289011004, 0.8068551787614008, 0.8050773148346303, 0.8050773148346303]
test mf1:[0.6718010671499044, 0.7328548644338118, 0.7698863636363635, 0.7848977189005883, 0.7757790864351763, 0.7920917128145342, 0.7908308131869695, 0.8014642103722636, 0.7996889757600834, 0.7996889757600834]
valid acc:[0.7525354969574036, 0.8032454361054767, 0.8194726166328601, 0.8275862068965517, 0.8498985801217038, 0.845841784989858, 0.8417849898580122, 0.8438133874239351, 0.8356997971602435, 0.8356997971602435]
valid wf1:[0.7417283581373523, 0.7982750851550974, 0.8190426946117562, 0.8278129842641703, 0.8474182034460437, 0.8428284551583773, 0.8406333951614944, 0.8417847840338044, 0.8339995899424772, 0.8339995899424772]
valid mf1:[0.7221637102734664, 0.7848933710579228, 0.810014332168574, 0.8198757763975155, 0.838116790912318, 0.8329409666488318, 0.8319964349376114, 0.8325237685571216, 0.8246037079495592, 0.8246037079495592]
train loss:[0.04012903126089701, 0.03090738213754126, 0.02128682159319786, 0.011742822478533655, 0.0038897075862353503, 0.0017472732677820853, 0.0007358503815209717, 0.0003018229549590095, 0.00016932606293786583, 0.00013391240625943674]
test loss:[0.6062628569848397, 0.5414858978679952, 0.5263465925065034, 0.5678588684771538, 0.8882980110698983, 0.9337120870905518, 0.9564169769124847, 1.028149395392307, 1.0703290311028146, 1.0860274492057642]
