
幸福不是绝对的幸福，痛苦不是绝对的痛苦。幸福和痛苦可以相互转化。人们把这两个词分的太清楚，给的情绪心理反应太大。事实并不是这样的数据增强类型:A-origin
最大序列长度:90
轮数:10.000000

test acc:[0.7277777777777777, 0.7888888888888889, 0.7851851851851852, 0.7981481481481482, 0.7907407407407407, 0.7944444444444444, 0.7907407407407407, 0.7944444444444444, 0.7925925925925926, 0.7925925925925926]
test wf1:[0.7123171000788023, 0.7863347489533447, 0.7850709475709476, 0.7989674320287921, 0.7909924305194822, 0.7944968617537617, 0.7889028468281766, 0.7931607710640124, 0.7916923969795848, 0.7916923969795848]
test mf1:[0.6997446808510639, 0.7804283003523989, 0.7808441558441559, 0.7963314751954159, 0.7872674217941074, 0.7906179808642859, 0.7834626808469867, 0.7881612010560133, 0.7869342201679724, 0.7869342201679724]
valid acc:[0.7789046653144016, 0.8356997971602435, 0.8519269776876268, 0.821501014198783, 0.8356997971602435, 0.847870182555781, 0.8377281947261663, 0.8397565922920892, 0.847870182555781, 0.845841784989858]
valid wf1:[0.7674962373120487, 0.8335658117758205, 0.8521217394268759, 0.8231925985291486, 0.8368390422852371, 0.8480702802330916, 0.8367348671424356, 0.8390419320341995, 0.847507888717772, 0.8455510311582533]
valid mf1:[0.7490672382313249, 0.8238237045860631, 0.8453050785531605, 0.8172720533728688, 0.830543213962903, 0.8410668615272195, 0.8280432507847924, 0.8307042290254854, 0.8398997181195849, 0.8379187430786268]
train loss:[0.037671371732306266, 0.02573353985790163, 0.01330875216683905, 0.004596848160677577, 0.0017411473071368684, 0.0004639542843043338, 0.00024323449762521574, 0.00021279965333746985, 0.00012692209858024788, 0.00010333776094252503]
test loss:[0.574764002004967, 0.49590421440627647, 0.5213313210817219, 0.8460740182569734, 0.9264794284692257, 1.2107409247365093, 1.3075040815643553, 1.3248878681731773, 1.362662091911074, 1.379096218092801]
