
幸福不是绝对的幸福，痛苦不是绝对的痛苦。幸福和痛苦可以相互转化。人们把这两个词分的太清楚，给的情绪心理反应太大。事实并不是这样的数据增强类型:A-origin
最大序列长度:90
轮数:10.000000

test acc:[0.7148148148148148, 0.7777777777777778, 0.8, 0.8148148148148148, 0.8111111111111111, 0.8, 0.8037037037037037, 0.8055555555555556, 0.8074074074074075, 0.8074074074074075]
test wf1:[0.715220268774573, 0.7788199233716476, 0.8, 0.8147163341128859, 0.8107932055477638, 0.8002843443354147, 0.8032516811733031, 0.8051687663793377, 0.8071969502390215, 0.8071969502390215]
test mf1:[0.7102196699375558, 0.776551724137931, 0.7961722889376635, 0.8110725481415137, 0.8068723702664797, 0.7967774308652988, 0.7990704727670986, 0.8010798522307474, 0.8033034926238811, 0.8033034926238811]
valid acc:[0.7667342799188641, 0.7809330628803245, 0.8154158215010142, 0.8235294117647058, 0.8275862068965517, 0.8133874239350912, 0.8255578093306288, 0.8275862068965517, 0.8235294117647058, 0.8235294117647058]
valid wf1:[0.7689010567837364, 0.783430983808221, 0.816975804247605, 0.8237615250703862, 0.8285768841102861, 0.8147326703023412, 0.8258604730641822, 0.8278129842641703, 0.8239080243917398, 0.8239080243917398]
valid mf1:[0.7610558302040267, 0.7787473820684153, 0.8104238767119235, 0.8156375593715747, 0.8216421436141461, 0.8076701268742792, 0.8179155500584072, 0.8198757763975155, 0.8159571592240258, 0.8159571592240258]
train loss:[0.038239319106963064, 0.026118047964493078, 0.013480307000905408, 0.004613971497227405, 0.0015843771160104683, 0.0006142907774704196, 0.00022250320639451664, 0.00017251198064108003, 0.000146651014567364, 0.000111330488675776]
test loss:[0.5652635287055198, 0.533674713662442, 0.5514742920914775, 0.7362489211963668, 0.8183716645649196, 0.9832933321755691, 1.0104346457757107, 1.0538561457730846, 1.0769791359838137, 1.0856066939316353]
