
^_^相信自己，反者道之动^_^数据增强类型:B4-replace-A-B1
最大序列长度:90
训练轮数:10.000000
学习率:0.000030
batchsize:16

test acc:[0.7903525046382189, 0.8014842300556586, 0.8014842300556586, 0.7922077922077922, 0.8144712430426716, 0.7959183673469388, 0.8200371057513914, 0.8126159554730983, 0.8089053803339518, 0.8051948051948052]
test wf1:[0.7858, 0.7974, 0.7999, 0.7881, 0.8135, 0.7947, 0.8188, 0.8119, 0.8084, 0.8043]
test mf1:[0.779, 0.7911, 0.795, 0.7816, 0.8093, 0.7899, 0.8144, 0.8077, 0.8044, 0.7999]
valid acc:[0.8296146044624746, 0.8377281947261663, 0.845841784989858, 0.8356997971602435, 0.8377281947261663, 0.8356997971602435, 0.8377281947261663, 0.847870182555781, 0.847870182555781, 0.847870182555781]
valid wf1:[0.8275, 0.8359, 0.8458, 0.8333, 0.8379, 0.8363, 0.8371, 0.8483, 0.8483, 0.8482]
valid mf1:[0.8175, 0.8266, 0.8385, 0.8234, 0.8303, 0.8292, 0.8287, 0.8416, 0.8416, 0.8413]
train loss:[0.23969202165466708, 0.05205563954958642, 0.014578721707090023, 0.010579705830270934, 0.0038388525704994955, 0.003865321971363858, 0.0025099775802061176, 0.002442365913691344, 0.0032070260796809545, 0.0019418096955190335]
